{
 "cells": [
  {
   "cell_type": "code",
   "execution_count": 1,
   "id": "fcbef218",
   "metadata": {},
   "outputs": [],
   "source": [
    "import pandas as pd\n",
    "import numpy as np\n",
    "import seaborn as sns\n",
    "import matplotlib.pyplot as plt\n",
    "from sklearn.linear_model import LogisticRegression\n",
    "from sklearn.model_selection import train_test_split\n",
    "from sklearn import metrics"
   ]
  },
  {
   "cell_type": "code",
   "execution_count": 2,
   "id": "7b8f736a",
   "metadata": {},
   "outputs": [],
   "source": [
    "df = pd.read_csv(\"/Users/suryamanitejendla/Downloads/DAEN-690-main/identical123.csv\")"
   ]
  },
  {
   "cell_type": "code",
   "execution_count": 3,
   "id": "10efff9e",
   "metadata": {},
   "outputs": [
    {
     "data": {
      "text/html": [
       "<div>\n",
       "<style scoped>\n",
       "    .dataframe tbody tr th:only-of-type {\n",
       "        vertical-align: middle;\n",
       "    }\n",
       "\n",
       "    .dataframe tbody tr th {\n",
       "        vertical-align: top;\n",
       "    }\n",
       "\n",
       "    .dataframe thead th {\n",
       "        text-align: right;\n",
       "    }\n",
       "</style>\n",
       "<table border=\"1\" class=\"dataframe\">\n",
       "  <thead>\n",
       "    <tr style=\"text-align: right;\">\n",
       "      <th></th>\n",
       "      <th>AGYSUB</th>\n",
       "      <th>LOC</th>\n",
       "      <th>AGELVL</th>\n",
       "      <th>EDLVL</th>\n",
       "      <th>GSEGRD</th>\n",
       "      <th>LOSLVL</th>\n",
       "      <th>OCC</th>\n",
       "      <th>PATCO</th>\n",
       "      <th>PP</th>\n",
       "      <th>PPGRD</th>\n",
       "      <th>...</th>\n",
       "      <th>STEMOCC.1</th>\n",
       "      <th>SUPERVIS.1</th>\n",
       "      <th>TOA.1</th>\n",
       "      <th>WORKSCH.1</th>\n",
       "      <th>WORKSTAT.1</th>\n",
       "      <th>DATECODE1</th>\n",
       "      <th>EMPLOYMENT1</th>\n",
       "      <th>SALARY.1</th>\n",
       "      <th>LOS.1</th>\n",
       "      <th>Salary_hike</th>\n",
       "    </tr>\n",
       "  </thead>\n",
       "  <tbody>\n",
       "    <tr>\n",
       "      <th>0</th>\n",
       "      <td>AF1Q</td>\n",
       "      <td>40</td>\n",
       "      <td>J</td>\n",
       "      <td>4</td>\n",
       "      <td>12</td>\n",
       "      <td>F</td>\n",
       "      <td>1670</td>\n",
       "      <td>2</td>\n",
       "      <td>99</td>\n",
       "      <td>GS-12</td>\n",
       "      <td>...</td>\n",
       "      <td>XXXX</td>\n",
       "      <td>8</td>\n",
       "      <td>10</td>\n",
       "      <td>F</td>\n",
       "      <td>1</td>\n",
       "      <td>202109</td>\n",
       "      <td>1</td>\n",
       "      <td>98155</td>\n",
       "      <td>17.6</td>\n",
       "      <td>0</td>\n",
       "    </tr>\n",
       "    <tr>\n",
       "      <th>1</th>\n",
       "      <td>AF1Q</td>\n",
       "      <td>40</td>\n",
       "      <td>I</td>\n",
       "      <td>13</td>\n",
       "      <td>13</td>\n",
       "      <td>I</td>\n",
       "      <td>1361</td>\n",
       "      <td>2</td>\n",
       "      <td>99</td>\n",
       "      <td>GS-13</td>\n",
       "      <td>...</td>\n",
       "      <td>1361</td>\n",
       "      <td>8</td>\n",
       "      <td>10</td>\n",
       "      <td>F</td>\n",
       "      <td>1</td>\n",
       "      <td>202109</td>\n",
       "      <td>1</td>\n",
       "      <td>119787</td>\n",
       "      <td>32.3</td>\n",
       "      <td>0</td>\n",
       "    </tr>\n",
       "    <tr>\n",
       "      <th>2</th>\n",
       "      <td>AF1Q</td>\n",
       "      <td>40</td>\n",
       "      <td>I</td>\n",
       "      <td>10</td>\n",
       "      <td>13</td>\n",
       "      <td>G</td>\n",
       "      <td>2150</td>\n",
       "      <td>2</td>\n",
       "      <td>99</td>\n",
       "      <td>GS-13</td>\n",
       "      <td>...</td>\n",
       "      <td>XXXX</td>\n",
       "      <td>2</td>\n",
       "      <td>10</td>\n",
       "      <td>F</td>\n",
       "      <td>1</td>\n",
       "      <td>202109</td>\n",
       "      <td>1</td>\n",
       "      <td>119787</td>\n",
       "      <td>20.7</td>\n",
       "      <td>0</td>\n",
       "    </tr>\n",
       "    <tr>\n",
       "      <th>3</th>\n",
       "      <td>AF1Q</td>\n",
       "      <td>40</td>\n",
       "      <td>J</td>\n",
       "      <td>14</td>\n",
       "      <td>13</td>\n",
       "      <td>H</td>\n",
       "      <td>1372</td>\n",
       "      <td>1</td>\n",
       "      <td>99</td>\n",
       "      <td>GS-13</td>\n",
       "      <td>...</td>\n",
       "      <td>1372</td>\n",
       "      <td>8</td>\n",
       "      <td>10</td>\n",
       "      <td>F</td>\n",
       "      <td>1</td>\n",
       "      <td>202109</td>\n",
       "      <td>1</td>\n",
       "      <td>119787</td>\n",
       "      <td>26.3</td>\n",
       "      <td>0</td>\n",
       "    </tr>\n",
       "    <tr>\n",
       "      <th>4</th>\n",
       "      <td>AF1Q</td>\n",
       "      <td>40</td>\n",
       "      <td>G</td>\n",
       "      <td>10</td>\n",
       "      <td>12</td>\n",
       "      <td>E</td>\n",
       "      <td>343</td>\n",
       "      <td>2</td>\n",
       "      <td>99</td>\n",
       "      <td>GS-12</td>\n",
       "      <td>...</td>\n",
       "      <td>XXXX</td>\n",
       "      <td>8</td>\n",
       "      <td>10</td>\n",
       "      <td>F</td>\n",
       "      <td>1</td>\n",
       "      <td>202109</td>\n",
       "      <td>1</td>\n",
       "      <td>82655</td>\n",
       "      <td>14.8</td>\n",
       "      <td>0</td>\n",
       "    </tr>\n",
       "  </tbody>\n",
       "</table>\n",
       "<p>5 rows × 41 columns</p>\n",
       "</div>"
      ],
      "text/plain": [
       "  AGYSUB LOC AGELVL  EDLVL  GSEGRD LOSLVL   OCC  PATCO  PP  PPGRD  ...  \\\n",
       "0   AF1Q  40      J      4      12      F  1670      2  99  GS-12  ...   \n",
       "1   AF1Q  40      I     13      13      I  1361      2  99  GS-13  ...   \n",
       "2   AF1Q  40      I     10      13      G  2150      2  99  GS-13  ...   \n",
       "3   AF1Q  40      J     14      13      H  1372      1  99  GS-13  ...   \n",
       "4   AF1Q  40      G     10      12      E   343      2  99  GS-12  ...   \n",
       "\n",
       "  STEMOCC.1 SUPERVIS.1  TOA.1  WORKSCH.1 WORKSTAT.1  DATECODE1  EMPLOYMENT1  \\\n",
       "0      XXXX          8     10          F          1     202109            1   \n",
       "1      1361          8     10          F          1     202109            1   \n",
       "2      XXXX          2     10          F          1     202109            1   \n",
       "3      1372          8     10          F          1     202109            1   \n",
       "4      XXXX          8     10          F          1     202109            1   \n",
       "\n",
       "   SALARY.1  LOS.1  Salary_hike  \n",
       "0     98155   17.6            0  \n",
       "1    119787   32.3            0  \n",
       "2    119787   20.7            0  \n",
       "3    119787   26.3            0  \n",
       "4     82655   14.8            0  \n",
       "\n",
       "[5 rows x 41 columns]"
      ]
     },
     "execution_count": 3,
     "metadata": {},
     "output_type": "execute_result"
    }
   ],
   "source": [
    "df.head(5)"
   ]
  },
  {
   "cell_type": "code",
   "execution_count": 11,
   "id": "02884a18",
   "metadata": {},
   "outputs": [
    {
     "data": {
      "text/html": [
       "<div>\n",
       "<style scoped>\n",
       "    .dataframe tbody tr th:only-of-type {\n",
       "        vertical-align: middle;\n",
       "    }\n",
       "\n",
       "    .dataframe tbody tr th {\n",
       "        vertical-align: top;\n",
       "    }\n",
       "\n",
       "    .dataframe thead th {\n",
       "        text-align: right;\n",
       "    }\n",
       "</style>\n",
       "<table border=\"1\" class=\"dataframe\">\n",
       "  <thead>\n",
       "    <tr style=\"text-align: right;\">\n",
       "      <th></th>\n",
       "      <th>EDLVL</th>\n",
       "      <th>GSEGRD</th>\n",
       "      <th>OCC</th>\n",
       "      <th>PATCO</th>\n",
       "      <th>SUPERVIS</th>\n",
       "      <th>TOA</th>\n",
       "      <th>WORKSTAT</th>\n",
       "      <th>SALARY</th>\n",
       "      <th>LOS</th>\n",
       "      <th>EDLVL.1</th>\n",
       "      <th>GSEGRD.1</th>\n",
       "      <th>OCC.1</th>\n",
       "      <th>PATCO.1</th>\n",
       "      <th>SUPERVIS.1</th>\n",
       "      <th>TOA.1</th>\n",
       "      <th>WORKSTAT.1</th>\n",
       "      <th>SALARY.1</th>\n",
       "      <th>LOS.1</th>\n",
       "      <th>Salary_hike</th>\n",
       "    </tr>\n",
       "  </thead>\n",
       "  <tbody>\n",
       "    <tr>\n",
       "      <th>EDLVL</th>\n",
       "      <td>1.000000</td>\n",
       "      <td>0.216129</td>\n",
       "      <td>-0.104548</td>\n",
       "      <td>-0.292583</td>\n",
       "      <td>-0.130038</td>\n",
       "      <td>0.231753</td>\n",
       "      <td>-0.012737</td>\n",
       "      <td>0.155506</td>\n",
       "      <td>-0.172708</td>\n",
       "      <td>1.000000</td>\n",
       "      <td>0.225207</td>\n",
       "      <td>-0.110016</td>\n",
       "      <td>-0.292583</td>\n",
       "      <td>-0.130038</td>\n",
       "      <td>0.231753</td>\n",
       "      <td>-0.012737</td>\n",
       "      <td>0.159318</td>\n",
       "      <td>-0.172708</td>\n",
       "      <td>0.006766</td>\n",
       "    </tr>\n",
       "    <tr>\n",
       "      <th>GSEGRD</th>\n",
       "      <td>0.216129</td>\n",
       "      <td>1.000000</td>\n",
       "      <td>0.136599</td>\n",
       "      <td>-0.508998</td>\n",
       "      <td>-0.457438</td>\n",
       "      <td>-0.022873</td>\n",
       "      <td>-0.226697</td>\n",
       "      <td>0.871876</td>\n",
       "      <td>0.212991</td>\n",
       "      <td>0.216129</td>\n",
       "      <td>0.983852</td>\n",
       "      <td>0.134586</td>\n",
       "      <td>-0.508998</td>\n",
       "      <td>-0.457438</td>\n",
       "      <td>-0.022873</td>\n",
       "      <td>-0.226697</td>\n",
       "      <td>0.867076</td>\n",
       "      <td>0.212991</td>\n",
       "      <td>-0.068160</td>\n",
       "    </tr>\n",
       "    <tr>\n",
       "      <th>OCC</th>\n",
       "      <td>-0.104548</td>\n",
       "      <td>0.136599</td>\n",
       "      <td>1.000000</td>\n",
       "      <td>-0.132350</td>\n",
       "      <td>0.043985</td>\n",
       "      <td>-0.047987</td>\n",
       "      <td>-0.069900</td>\n",
       "      <td>0.083185</td>\n",
       "      <td>0.054067</td>\n",
       "      <td>-0.104548</td>\n",
       "      <td>0.128905</td>\n",
       "      <td>0.974478</td>\n",
       "      <td>-0.132350</td>\n",
       "      <td>0.043985</td>\n",
       "      <td>-0.047987</td>\n",
       "      <td>-0.069900</td>\n",
       "      <td>0.078709</td>\n",
       "      <td>0.054067</td>\n",
       "      <td>-0.036591</td>\n",
       "    </tr>\n",
       "    <tr>\n",
       "      <th>PATCO</th>\n",
       "      <td>-0.292583</td>\n",
       "      <td>-0.508998</td>\n",
       "      <td>-0.132350</td>\n",
       "      <td>1.000000</td>\n",
       "      <td>0.123015</td>\n",
       "      <td>-0.341491</td>\n",
       "      <td>0.159431</td>\n",
       "      <td>-0.400246</td>\n",
       "      <td>-0.011569</td>\n",
       "      <td>-0.292583</td>\n",
       "      <td>-0.524581</td>\n",
       "      <td>-0.129800</td>\n",
       "      <td>1.000000</td>\n",
       "      <td>0.123015</td>\n",
       "      <td>-0.341491</td>\n",
       "      <td>0.159431</td>\n",
       "      <td>-0.406511</td>\n",
       "      <td>-0.011569</td>\n",
       "      <td>0.001590</td>\n",
       "    </tr>\n",
       "    <tr>\n",
       "      <th>SUPERVIS</th>\n",
       "      <td>-0.130038</td>\n",
       "      <td>-0.457438</td>\n",
       "      <td>0.043985</td>\n",
       "      <td>0.123015</td>\n",
       "      <td>1.000000</td>\n",
       "      <td>-0.039009</td>\n",
       "      <td>0.052634</td>\n",
       "      <td>-0.545530</td>\n",
       "      <td>-0.130991</td>\n",
       "      <td>-0.130038</td>\n",
       "      <td>-0.466371</td>\n",
       "      <td>0.040398</td>\n",
       "      <td>0.123015</td>\n",
       "      <td>1.000000</td>\n",
       "      <td>-0.039009</td>\n",
       "      <td>0.052634</td>\n",
       "      <td>-0.551646</td>\n",
       "      <td>-0.130991</td>\n",
       "      <td>-0.002937</td>\n",
       "    </tr>\n",
       "    <tr>\n",
       "      <th>TOA</th>\n",
       "      <td>0.231753</td>\n",
       "      <td>-0.022873</td>\n",
       "      <td>-0.047987</td>\n",
       "      <td>-0.341491</td>\n",
       "      <td>-0.039009</td>\n",
       "      <td>1.000000</td>\n",
       "      <td>0.474239</td>\n",
       "      <td>0.020549</td>\n",
       "      <td>-0.203159</td>\n",
       "      <td>0.231753</td>\n",
       "      <td>0.009174</td>\n",
       "      <td>-0.047112</td>\n",
       "      <td>-0.341491</td>\n",
       "      <td>-0.039009</td>\n",
       "      <td>1.000000</td>\n",
       "      <td>0.474239</td>\n",
       "      <td>0.026769</td>\n",
       "      <td>-0.203159</td>\n",
       "      <td>0.018332</td>\n",
       "    </tr>\n",
       "    <tr>\n",
       "      <th>WORKSTAT</th>\n",
       "      <td>-0.012737</td>\n",
       "      <td>-0.226697</td>\n",
       "      <td>-0.069900</td>\n",
       "      <td>0.159431</td>\n",
       "      <td>0.052634</td>\n",
       "      <td>0.474239</td>\n",
       "      <td>1.000000</td>\n",
       "      <td>-0.195464</td>\n",
       "      <td>-0.175074</td>\n",
       "      <td>-0.012737</td>\n",
       "      <td>-0.176418</td>\n",
       "      <td>-0.068761</td>\n",
       "      <td>0.159431</td>\n",
       "      <td>0.052634</td>\n",
       "      <td>0.474239</td>\n",
       "      <td>1.000000</td>\n",
       "      <td>-0.182058</td>\n",
       "      <td>-0.175074</td>\n",
       "      <td>0.106272</td>\n",
       "    </tr>\n",
       "    <tr>\n",
       "      <th>SALARY</th>\n",
       "      <td>0.155506</td>\n",
       "      <td>0.871876</td>\n",
       "      <td>0.083185</td>\n",
       "      <td>-0.400246</td>\n",
       "      <td>-0.545530</td>\n",
       "      <td>0.020549</td>\n",
       "      <td>-0.195464</td>\n",
       "      <td>1.000000</td>\n",
       "      <td>0.417411</td>\n",
       "      <td>0.155506</td>\n",
       "      <td>0.859187</td>\n",
       "      <td>0.084155</td>\n",
       "      <td>-0.400246</td>\n",
       "      <td>-0.545530</td>\n",
       "      <td>0.020549</td>\n",
       "      <td>-0.195464</td>\n",
       "      <td>0.993158</td>\n",
       "      <td>0.417411</td>\n",
       "      <td>-0.130796</td>\n",
       "    </tr>\n",
       "    <tr>\n",
       "      <th>LOS</th>\n",
       "      <td>-0.172708</td>\n",
       "      <td>0.212991</td>\n",
       "      <td>0.054067</td>\n",
       "      <td>-0.011569</td>\n",
       "      <td>-0.130991</td>\n",
       "      <td>-0.203159</td>\n",
       "      <td>-0.175074</td>\n",
       "      <td>0.417411</td>\n",
       "      <td>1.000000</td>\n",
       "      <td>-0.172708</td>\n",
       "      <td>0.194413</td>\n",
       "      <td>0.051306</td>\n",
       "      <td>-0.011569</td>\n",
       "      <td>-0.130991</td>\n",
       "      <td>-0.203159</td>\n",
       "      <td>-0.175074</td>\n",
       "      <td>0.410170</td>\n",
       "      <td>1.000000</td>\n",
       "      <td>-0.119571</td>\n",
       "    </tr>\n",
       "    <tr>\n",
       "      <th>EDLVL.1</th>\n",
       "      <td>1.000000</td>\n",
       "      <td>0.216129</td>\n",
       "      <td>-0.104548</td>\n",
       "      <td>-0.292583</td>\n",
       "      <td>-0.130038</td>\n",
       "      <td>0.231753</td>\n",
       "      <td>-0.012737</td>\n",
       "      <td>0.155506</td>\n",
       "      <td>-0.172708</td>\n",
       "      <td>1.000000</td>\n",
       "      <td>0.225207</td>\n",
       "      <td>-0.110016</td>\n",
       "      <td>-0.292583</td>\n",
       "      <td>-0.130038</td>\n",
       "      <td>0.231753</td>\n",
       "      <td>-0.012737</td>\n",
       "      <td>0.159318</td>\n",
       "      <td>-0.172708</td>\n",
       "      <td>0.006766</td>\n",
       "    </tr>\n",
       "    <tr>\n",
       "      <th>GSEGRD.1</th>\n",
       "      <td>0.225207</td>\n",
       "      <td>0.983852</td>\n",
       "      <td>0.128905</td>\n",
       "      <td>-0.524581</td>\n",
       "      <td>-0.466371</td>\n",
       "      <td>0.009174</td>\n",
       "      <td>-0.176418</td>\n",
       "      <td>0.859187</td>\n",
       "      <td>0.194413</td>\n",
       "      <td>0.225207</td>\n",
       "      <td>1.000000</td>\n",
       "      <td>0.124534</td>\n",
       "      <td>-0.524581</td>\n",
       "      <td>-0.466371</td>\n",
       "      <td>0.009174</td>\n",
       "      <td>-0.176418</td>\n",
       "      <td>0.870337</td>\n",
       "      <td>0.194413</td>\n",
       "      <td>0.009653</td>\n",
       "    </tr>\n",
       "    <tr>\n",
       "      <th>OCC.1</th>\n",
       "      <td>-0.110016</td>\n",
       "      <td>0.134586</td>\n",
       "      <td>0.974478</td>\n",
       "      <td>-0.129800</td>\n",
       "      <td>0.040398</td>\n",
       "      <td>-0.047112</td>\n",
       "      <td>-0.068761</td>\n",
       "      <td>0.084155</td>\n",
       "      <td>0.051306</td>\n",
       "      <td>-0.110016</td>\n",
       "      <td>0.124534</td>\n",
       "      <td>1.000000</td>\n",
       "      <td>-0.129800</td>\n",
       "      <td>0.040398</td>\n",
       "      <td>-0.047112</td>\n",
       "      <td>-0.068761</td>\n",
       "      <td>0.076517</td>\n",
       "      <td>0.051306</td>\n",
       "      <td>-0.051037</td>\n",
       "    </tr>\n",
       "    <tr>\n",
       "      <th>PATCO.1</th>\n",
       "      <td>-0.292583</td>\n",
       "      <td>-0.508998</td>\n",
       "      <td>-0.132350</td>\n",
       "      <td>1.000000</td>\n",
       "      <td>0.123015</td>\n",
       "      <td>-0.341491</td>\n",
       "      <td>0.159431</td>\n",
       "      <td>-0.400246</td>\n",
       "      <td>-0.011569</td>\n",
       "      <td>-0.292583</td>\n",
       "      <td>-0.524581</td>\n",
       "      <td>-0.129800</td>\n",
       "      <td>1.000000</td>\n",
       "      <td>0.123015</td>\n",
       "      <td>-0.341491</td>\n",
       "      <td>0.159431</td>\n",
       "      <td>-0.406511</td>\n",
       "      <td>-0.011569</td>\n",
       "      <td>0.001590</td>\n",
       "    </tr>\n",
       "    <tr>\n",
       "      <th>SUPERVIS.1</th>\n",
       "      <td>-0.130038</td>\n",
       "      <td>-0.457438</td>\n",
       "      <td>0.043985</td>\n",
       "      <td>0.123015</td>\n",
       "      <td>1.000000</td>\n",
       "      <td>-0.039009</td>\n",
       "      <td>0.052634</td>\n",
       "      <td>-0.545530</td>\n",
       "      <td>-0.130991</td>\n",
       "      <td>-0.130038</td>\n",
       "      <td>-0.466371</td>\n",
       "      <td>0.040398</td>\n",
       "      <td>0.123015</td>\n",
       "      <td>1.000000</td>\n",
       "      <td>-0.039009</td>\n",
       "      <td>0.052634</td>\n",
       "      <td>-0.551646</td>\n",
       "      <td>-0.130991</td>\n",
       "      <td>-0.002937</td>\n",
       "    </tr>\n",
       "    <tr>\n",
       "      <th>TOA.1</th>\n",
       "      <td>0.231753</td>\n",
       "      <td>-0.022873</td>\n",
       "      <td>-0.047987</td>\n",
       "      <td>-0.341491</td>\n",
       "      <td>-0.039009</td>\n",
       "      <td>1.000000</td>\n",
       "      <td>0.474239</td>\n",
       "      <td>0.020549</td>\n",
       "      <td>-0.203159</td>\n",
       "      <td>0.231753</td>\n",
       "      <td>0.009174</td>\n",
       "      <td>-0.047112</td>\n",
       "      <td>-0.341491</td>\n",
       "      <td>-0.039009</td>\n",
       "      <td>1.000000</td>\n",
       "      <td>0.474239</td>\n",
       "      <td>0.026769</td>\n",
       "      <td>-0.203159</td>\n",
       "      <td>0.018332</td>\n",
       "    </tr>\n",
       "    <tr>\n",
       "      <th>WORKSTAT.1</th>\n",
       "      <td>-0.012737</td>\n",
       "      <td>-0.226697</td>\n",
       "      <td>-0.069900</td>\n",
       "      <td>0.159431</td>\n",
       "      <td>0.052634</td>\n",
       "      <td>0.474239</td>\n",
       "      <td>1.000000</td>\n",
       "      <td>-0.195464</td>\n",
       "      <td>-0.175074</td>\n",
       "      <td>-0.012737</td>\n",
       "      <td>-0.176418</td>\n",
       "      <td>-0.068761</td>\n",
       "      <td>0.159431</td>\n",
       "      <td>0.052634</td>\n",
       "      <td>0.474239</td>\n",
       "      <td>1.000000</td>\n",
       "      <td>-0.182058</td>\n",
       "      <td>-0.175074</td>\n",
       "      <td>0.106272</td>\n",
       "    </tr>\n",
       "    <tr>\n",
       "      <th>SALARY.1</th>\n",
       "      <td>0.159318</td>\n",
       "      <td>0.867076</td>\n",
       "      <td>0.078709</td>\n",
       "      <td>-0.406511</td>\n",
       "      <td>-0.551646</td>\n",
       "      <td>0.026769</td>\n",
       "      <td>-0.182058</td>\n",
       "      <td>0.993158</td>\n",
       "      <td>0.410170</td>\n",
       "      <td>0.159318</td>\n",
       "      <td>0.870337</td>\n",
       "      <td>0.076517</td>\n",
       "      <td>-0.406511</td>\n",
       "      <td>-0.551646</td>\n",
       "      <td>0.026769</td>\n",
       "      <td>-0.182058</td>\n",
       "      <td>1.000000</td>\n",
       "      <td>0.410170</td>\n",
       "      <td>-0.048788</td>\n",
       "    </tr>\n",
       "    <tr>\n",
       "      <th>LOS.1</th>\n",
       "      <td>-0.172708</td>\n",
       "      <td>0.212991</td>\n",
       "      <td>0.054067</td>\n",
       "      <td>-0.011569</td>\n",
       "      <td>-0.130991</td>\n",
       "      <td>-0.203159</td>\n",
       "      <td>-0.175074</td>\n",
       "      <td>0.417411</td>\n",
       "      <td>1.000000</td>\n",
       "      <td>-0.172708</td>\n",
       "      <td>0.194413</td>\n",
       "      <td>0.051306</td>\n",
       "      <td>-0.011569</td>\n",
       "      <td>-0.130991</td>\n",
       "      <td>-0.203159</td>\n",
       "      <td>-0.175074</td>\n",
       "      <td>0.410170</td>\n",
       "      <td>1.000000</td>\n",
       "      <td>-0.119571</td>\n",
       "    </tr>\n",
       "    <tr>\n",
       "      <th>Salary_hike</th>\n",
       "      <td>0.006766</td>\n",
       "      <td>-0.068160</td>\n",
       "      <td>-0.036591</td>\n",
       "      <td>0.001590</td>\n",
       "      <td>-0.002937</td>\n",
       "      <td>0.018332</td>\n",
       "      <td>0.106272</td>\n",
       "      <td>-0.130796</td>\n",
       "      <td>-0.119571</td>\n",
       "      <td>0.006766</td>\n",
       "      <td>0.009653</td>\n",
       "      <td>-0.051037</td>\n",
       "      <td>0.001590</td>\n",
       "      <td>-0.002937</td>\n",
       "      <td>0.018332</td>\n",
       "      <td>0.106272</td>\n",
       "      <td>-0.048788</td>\n",
       "      <td>-0.119571</td>\n",
       "      <td>1.000000</td>\n",
       "    </tr>\n",
       "  </tbody>\n",
       "</table>\n",
       "</div>"
      ],
      "text/plain": [
       "                EDLVL    GSEGRD       OCC     PATCO  SUPERVIS       TOA  \\\n",
       "EDLVL        1.000000  0.216129 -0.104548 -0.292583 -0.130038  0.231753   \n",
       "GSEGRD       0.216129  1.000000  0.136599 -0.508998 -0.457438 -0.022873   \n",
       "OCC         -0.104548  0.136599  1.000000 -0.132350  0.043985 -0.047987   \n",
       "PATCO       -0.292583 -0.508998 -0.132350  1.000000  0.123015 -0.341491   \n",
       "SUPERVIS    -0.130038 -0.457438  0.043985  0.123015  1.000000 -0.039009   \n",
       "TOA          0.231753 -0.022873 -0.047987 -0.341491 -0.039009  1.000000   \n",
       "WORKSTAT    -0.012737 -0.226697 -0.069900  0.159431  0.052634  0.474239   \n",
       "SALARY       0.155506  0.871876  0.083185 -0.400246 -0.545530  0.020549   \n",
       "LOS         -0.172708  0.212991  0.054067 -0.011569 -0.130991 -0.203159   \n",
       "EDLVL.1      1.000000  0.216129 -0.104548 -0.292583 -0.130038  0.231753   \n",
       "GSEGRD.1     0.225207  0.983852  0.128905 -0.524581 -0.466371  0.009174   \n",
       "OCC.1       -0.110016  0.134586  0.974478 -0.129800  0.040398 -0.047112   \n",
       "PATCO.1     -0.292583 -0.508998 -0.132350  1.000000  0.123015 -0.341491   \n",
       "SUPERVIS.1  -0.130038 -0.457438  0.043985  0.123015  1.000000 -0.039009   \n",
       "TOA.1        0.231753 -0.022873 -0.047987 -0.341491 -0.039009  1.000000   \n",
       "WORKSTAT.1  -0.012737 -0.226697 -0.069900  0.159431  0.052634  0.474239   \n",
       "SALARY.1     0.159318  0.867076  0.078709 -0.406511 -0.551646  0.026769   \n",
       "LOS.1       -0.172708  0.212991  0.054067 -0.011569 -0.130991 -0.203159   \n",
       "Salary_hike  0.006766 -0.068160 -0.036591  0.001590 -0.002937  0.018332   \n",
       "\n",
       "             WORKSTAT    SALARY       LOS   EDLVL.1  GSEGRD.1     OCC.1  \\\n",
       "EDLVL       -0.012737  0.155506 -0.172708  1.000000  0.225207 -0.110016   \n",
       "GSEGRD      -0.226697  0.871876  0.212991  0.216129  0.983852  0.134586   \n",
       "OCC         -0.069900  0.083185  0.054067 -0.104548  0.128905  0.974478   \n",
       "PATCO        0.159431 -0.400246 -0.011569 -0.292583 -0.524581 -0.129800   \n",
       "SUPERVIS     0.052634 -0.545530 -0.130991 -0.130038 -0.466371  0.040398   \n",
       "TOA          0.474239  0.020549 -0.203159  0.231753  0.009174 -0.047112   \n",
       "WORKSTAT     1.000000 -0.195464 -0.175074 -0.012737 -0.176418 -0.068761   \n",
       "SALARY      -0.195464  1.000000  0.417411  0.155506  0.859187  0.084155   \n",
       "LOS         -0.175074  0.417411  1.000000 -0.172708  0.194413  0.051306   \n",
       "EDLVL.1     -0.012737  0.155506 -0.172708  1.000000  0.225207 -0.110016   \n",
       "GSEGRD.1    -0.176418  0.859187  0.194413  0.225207  1.000000  0.124534   \n",
       "OCC.1       -0.068761  0.084155  0.051306 -0.110016  0.124534  1.000000   \n",
       "PATCO.1      0.159431 -0.400246 -0.011569 -0.292583 -0.524581 -0.129800   \n",
       "SUPERVIS.1   0.052634 -0.545530 -0.130991 -0.130038 -0.466371  0.040398   \n",
       "TOA.1        0.474239  0.020549 -0.203159  0.231753  0.009174 -0.047112   \n",
       "WORKSTAT.1   1.000000 -0.195464 -0.175074 -0.012737 -0.176418 -0.068761   \n",
       "SALARY.1    -0.182058  0.993158  0.410170  0.159318  0.870337  0.076517   \n",
       "LOS.1       -0.175074  0.417411  1.000000 -0.172708  0.194413  0.051306   \n",
       "Salary_hike  0.106272 -0.130796 -0.119571  0.006766  0.009653 -0.051037   \n",
       "\n",
       "              PATCO.1  SUPERVIS.1     TOA.1  WORKSTAT.1  SALARY.1     LOS.1  \\\n",
       "EDLVL       -0.292583   -0.130038  0.231753   -0.012737  0.159318 -0.172708   \n",
       "GSEGRD      -0.508998   -0.457438 -0.022873   -0.226697  0.867076  0.212991   \n",
       "OCC         -0.132350    0.043985 -0.047987   -0.069900  0.078709  0.054067   \n",
       "PATCO        1.000000    0.123015 -0.341491    0.159431 -0.406511 -0.011569   \n",
       "SUPERVIS     0.123015    1.000000 -0.039009    0.052634 -0.551646 -0.130991   \n",
       "TOA         -0.341491   -0.039009  1.000000    0.474239  0.026769 -0.203159   \n",
       "WORKSTAT     0.159431    0.052634  0.474239    1.000000 -0.182058 -0.175074   \n",
       "SALARY      -0.400246   -0.545530  0.020549   -0.195464  0.993158  0.417411   \n",
       "LOS         -0.011569   -0.130991 -0.203159   -0.175074  0.410170  1.000000   \n",
       "EDLVL.1     -0.292583   -0.130038  0.231753   -0.012737  0.159318 -0.172708   \n",
       "GSEGRD.1    -0.524581   -0.466371  0.009174   -0.176418  0.870337  0.194413   \n",
       "OCC.1       -0.129800    0.040398 -0.047112   -0.068761  0.076517  0.051306   \n",
       "PATCO.1      1.000000    0.123015 -0.341491    0.159431 -0.406511 -0.011569   \n",
       "SUPERVIS.1   0.123015    1.000000 -0.039009    0.052634 -0.551646 -0.130991   \n",
       "TOA.1       -0.341491   -0.039009  1.000000    0.474239  0.026769 -0.203159   \n",
       "WORKSTAT.1   0.159431    0.052634  0.474239    1.000000 -0.182058 -0.175074   \n",
       "SALARY.1    -0.406511   -0.551646  0.026769   -0.182058  1.000000  0.410170   \n",
       "LOS.1       -0.011569   -0.130991 -0.203159   -0.175074  0.410170  1.000000   \n",
       "Salary_hike  0.001590   -0.002937  0.018332    0.106272 -0.048788 -0.119571   \n",
       "\n",
       "             Salary_hike  \n",
       "EDLVL           0.006766  \n",
       "GSEGRD         -0.068160  \n",
       "OCC            -0.036591  \n",
       "PATCO           0.001590  \n",
       "SUPERVIS       -0.002937  \n",
       "TOA             0.018332  \n",
       "WORKSTAT        0.106272  \n",
       "SALARY         -0.130796  \n",
       "LOS            -0.119571  \n",
       "EDLVL.1         0.006766  \n",
       "GSEGRD.1        0.009653  \n",
       "OCC.1          -0.051037  \n",
       "PATCO.1         0.001590  \n",
       "SUPERVIS.1     -0.002937  \n",
       "TOA.1           0.018332  \n",
       "WORKSTAT.1      0.106272  \n",
       "SALARY.1       -0.048788  \n",
       "LOS.1          -0.119571  \n",
       "Salary_hike     1.000000  "
      ]
     },
     "execution_count": 11,
     "metadata": {},
     "output_type": "execute_result"
    }
   ],
   "source": [
    "df.corr()"
   ]
  },
  {
   "cell_type": "code",
   "execution_count": 4,
   "id": "24c250f8",
   "metadata": {},
   "outputs": [],
   "source": [
    "del df['DATECODE']\n",
    "del df['DATECODE1']\n",
    "del df['EMPLOYMENT']\n",
    "del df['EMPLOYMENT1']\n",
    "del df['PP']\n",
    "del df['PP1']"
   ]
  },
  {
   "cell_type": "code",
   "execution_count": 5,
   "id": "f4c781fc",
   "metadata": {},
   "outputs": [
    {
     "data": {
      "text/html": [
       "<div>\n",
       "<style scoped>\n",
       "    .dataframe tbody tr th:only-of-type {\n",
       "        vertical-align: middle;\n",
       "    }\n",
       "\n",
       "    .dataframe tbody tr th {\n",
       "        vertical-align: top;\n",
       "    }\n",
       "\n",
       "    .dataframe thead th {\n",
       "        text-align: right;\n",
       "    }\n",
       "</style>\n",
       "<table border=\"1\" class=\"dataframe\">\n",
       "  <thead>\n",
       "    <tr style=\"text-align: right;\">\n",
       "      <th></th>\n",
       "      <th>AGYSUB</th>\n",
       "      <th>LOC</th>\n",
       "      <th>AGELVL</th>\n",
       "      <th>EDLVL</th>\n",
       "      <th>GSEGRD</th>\n",
       "      <th>LOSLVL</th>\n",
       "      <th>OCC</th>\n",
       "      <th>PATCO</th>\n",
       "      <th>PPGRD</th>\n",
       "      <th>SALLVL</th>\n",
       "      <th>...</th>\n",
       "      <th>PPGRD.1</th>\n",
       "      <th>SALLVL.1</th>\n",
       "      <th>STEMOCC.1</th>\n",
       "      <th>SUPERVIS.1</th>\n",
       "      <th>TOA.1</th>\n",
       "      <th>WORKSCH.1</th>\n",
       "      <th>WORKSTAT.1</th>\n",
       "      <th>SALARY.1</th>\n",
       "      <th>LOS.1</th>\n",
       "      <th>Salary_hike</th>\n",
       "    </tr>\n",
       "  </thead>\n",
       "  <tbody>\n",
       "    <tr>\n",
       "      <th>0</th>\n",
       "      <td>AF1Q</td>\n",
       "      <td>40</td>\n",
       "      <td>J</td>\n",
       "      <td>4</td>\n",
       "      <td>12</td>\n",
       "      <td>F</td>\n",
       "      <td>1670</td>\n",
       "      <td>2</td>\n",
       "      <td>GS-12</td>\n",
       "      <td>I</td>\n",
       "      <td>...</td>\n",
       "      <td>GS-12</td>\n",
       "      <td>I</td>\n",
       "      <td>XXXX</td>\n",
       "      <td>8</td>\n",
       "      <td>10</td>\n",
       "      <td>F</td>\n",
       "      <td>1</td>\n",
       "      <td>98155</td>\n",
       "      <td>17.6</td>\n",
       "      <td>0</td>\n",
       "    </tr>\n",
       "    <tr>\n",
       "      <th>1</th>\n",
       "      <td>AF1Q</td>\n",
       "      <td>40</td>\n",
       "      <td>I</td>\n",
       "      <td>13</td>\n",
       "      <td>13</td>\n",
       "      <td>I</td>\n",
       "      <td>1361</td>\n",
       "      <td>2</td>\n",
       "      <td>GS-13</td>\n",
       "      <td>K</td>\n",
       "      <td>...</td>\n",
       "      <td>GS-13</td>\n",
       "      <td>K</td>\n",
       "      <td>1361</td>\n",
       "      <td>8</td>\n",
       "      <td>10</td>\n",
       "      <td>F</td>\n",
       "      <td>1</td>\n",
       "      <td>119787</td>\n",
       "      <td>32.3</td>\n",
       "      <td>0</td>\n",
       "    </tr>\n",
       "    <tr>\n",
       "      <th>2</th>\n",
       "      <td>AF1Q</td>\n",
       "      <td>40</td>\n",
       "      <td>I</td>\n",
       "      <td>10</td>\n",
       "      <td>13</td>\n",
       "      <td>G</td>\n",
       "      <td>2150</td>\n",
       "      <td>2</td>\n",
       "      <td>GS-13</td>\n",
       "      <td>K</td>\n",
       "      <td>...</td>\n",
       "      <td>GS-13</td>\n",
       "      <td>K</td>\n",
       "      <td>XXXX</td>\n",
       "      <td>2</td>\n",
       "      <td>10</td>\n",
       "      <td>F</td>\n",
       "      <td>1</td>\n",
       "      <td>119787</td>\n",
       "      <td>20.7</td>\n",
       "      <td>0</td>\n",
       "    </tr>\n",
       "    <tr>\n",
       "      <th>3</th>\n",
       "      <td>AF1Q</td>\n",
       "      <td>40</td>\n",
       "      <td>J</td>\n",
       "      <td>14</td>\n",
       "      <td>13</td>\n",
       "      <td>H</td>\n",
       "      <td>1372</td>\n",
       "      <td>1</td>\n",
       "      <td>GS-13</td>\n",
       "      <td>K</td>\n",
       "      <td>...</td>\n",
       "      <td>GS-13</td>\n",
       "      <td>K</td>\n",
       "      <td>1372</td>\n",
       "      <td>8</td>\n",
       "      <td>10</td>\n",
       "      <td>F</td>\n",
       "      <td>1</td>\n",
       "      <td>119787</td>\n",
       "      <td>26.3</td>\n",
       "      <td>0</td>\n",
       "    </tr>\n",
       "    <tr>\n",
       "      <th>4</th>\n",
       "      <td>AF1Q</td>\n",
       "      <td>40</td>\n",
       "      <td>G</td>\n",
       "      <td>10</td>\n",
       "      <td>12</td>\n",
       "      <td>E</td>\n",
       "      <td>343</td>\n",
       "      <td>2</td>\n",
       "      <td>GS-12</td>\n",
       "      <td>H</td>\n",
       "      <td>...</td>\n",
       "      <td>GS-12</td>\n",
       "      <td>H</td>\n",
       "      <td>XXXX</td>\n",
       "      <td>8</td>\n",
       "      <td>10</td>\n",
       "      <td>F</td>\n",
       "      <td>1</td>\n",
       "      <td>82655</td>\n",
       "      <td>14.8</td>\n",
       "      <td>0</td>\n",
       "    </tr>\n",
       "    <tr>\n",
       "      <th>...</th>\n",
       "      <td>...</td>\n",
       "      <td>...</td>\n",
       "      <td>...</td>\n",
       "      <td>...</td>\n",
       "      <td>...</td>\n",
       "      <td>...</td>\n",
       "      <td>...</td>\n",
       "      <td>...</td>\n",
       "      <td>...</td>\n",
       "      <td>...</td>\n",
       "      <td>...</td>\n",
       "      <td>...</td>\n",
       "      <td>...</td>\n",
       "      <td>...</td>\n",
       "      <td>...</td>\n",
       "      <td>...</td>\n",
       "      <td>...</td>\n",
       "      <td>...</td>\n",
       "      <td>...</td>\n",
       "      <td>...</td>\n",
       "      <td>...</td>\n",
       "    </tr>\n",
       "    <tr>\n",
       "      <th>1275</th>\n",
       "      <td>VAKB</td>\n",
       "      <td>11</td>\n",
       "      <td>I</td>\n",
       "      <td>15</td>\n",
       "      <td>15</td>\n",
       "      <td>I</td>\n",
       "      <td>301</td>\n",
       "      <td>2</td>\n",
       "      <td>GS-15</td>\n",
       "      <td>Q</td>\n",
       "      <td>...</td>\n",
       "      <td>GS-15</td>\n",
       "      <td>Q</td>\n",
       "      <td>XXXX</td>\n",
       "      <td>8</td>\n",
       "      <td>10</td>\n",
       "      <td>F</td>\n",
       "      <td>1</td>\n",
       "      <td>172500</td>\n",
       "      <td>30.3</td>\n",
       "      <td>0</td>\n",
       "    </tr>\n",
       "    <tr>\n",
       "      <th>1276</th>\n",
       "      <td>VAKB</td>\n",
       "      <td>11</td>\n",
       "      <td>F</td>\n",
       "      <td>13</td>\n",
       "      <td>15</td>\n",
       "      <td>G</td>\n",
       "      <td>343</td>\n",
       "      <td>2</td>\n",
       "      <td>GS-15</td>\n",
       "      <td>N</td>\n",
       "      <td>...</td>\n",
       "      <td>GS-15</td>\n",
       "      <td>N</td>\n",
       "      <td>XXXX</td>\n",
       "      <td>8</td>\n",
       "      <td>15</td>\n",
       "      <td>F</td>\n",
       "      <td>1</td>\n",
       "      <td>148932</td>\n",
       "      <td>21.2</td>\n",
       "      <td>0</td>\n",
       "    </tr>\n",
       "    <tr>\n",
       "      <th>1277</th>\n",
       "      <td>VAKB</td>\n",
       "      <td>11</td>\n",
       "      <td>H</td>\n",
       "      <td>13</td>\n",
       "      <td>14</td>\n",
       "      <td>D</td>\n",
       "      <td>301</td>\n",
       "      <td>2</td>\n",
       "      <td>GS-14</td>\n",
       "      <td>L</td>\n",
       "      <td>...</td>\n",
       "      <td>GS-14</td>\n",
       "      <td>M</td>\n",
       "      <td>XXXX</td>\n",
       "      <td>8</td>\n",
       "      <td>10</td>\n",
       "      <td>F</td>\n",
       "      <td>1</td>\n",
       "      <td>130698</td>\n",
       "      <td>9.3</td>\n",
       "      <td>1</td>\n",
       "    </tr>\n",
       "    <tr>\n",
       "      <th>1278</th>\n",
       "      <td>VAKB</td>\n",
       "      <td>11</td>\n",
       "      <td>E</td>\n",
       "      <td>17</td>\n",
       "      <td>12</td>\n",
       "      <td>E</td>\n",
       "      <td>301</td>\n",
       "      <td>2</td>\n",
       "      <td>GS-12</td>\n",
       "      <td>H</td>\n",
       "      <td>...</td>\n",
       "      <td>GS-13</td>\n",
       "      <td>J</td>\n",
       "      <td>XXXX</td>\n",
       "      <td>8</td>\n",
       "      <td>10</td>\n",
       "      <td>F</td>\n",
       "      <td>1</td>\n",
       "      <td>103690</td>\n",
       "      <td>11.8</td>\n",
       "      <td>1</td>\n",
       "    </tr>\n",
       "    <tr>\n",
       "      <th>1279</th>\n",
       "      <td>VAKB</td>\n",
       "      <td>11</td>\n",
       "      <td>G</td>\n",
       "      <td>17</td>\n",
       "      <td>14</td>\n",
       "      <td>D</td>\n",
       "      <td>301</td>\n",
       "      <td>2</td>\n",
       "      <td>GS-14</td>\n",
       "      <td>M</td>\n",
       "      <td>...</td>\n",
       "      <td>GS-14</td>\n",
       "      <td>M</td>\n",
       "      <td>XXXX</td>\n",
       "      <td>8</td>\n",
       "      <td>10</td>\n",
       "      <td>F</td>\n",
       "      <td>1</td>\n",
       "      <td>134782</td>\n",
       "      <td>6.3</td>\n",
       "      <td>1</td>\n",
       "    </tr>\n",
       "  </tbody>\n",
       "</table>\n",
       "<p>1280 rows × 35 columns</p>\n",
       "</div>"
      ],
      "text/plain": [
       "     AGYSUB LOC AGELVL  EDLVL  GSEGRD LOSLVL   OCC  PATCO  PPGRD SALLVL  ...  \\\n",
       "0      AF1Q  40      J      4      12      F  1670      2  GS-12      I  ...   \n",
       "1      AF1Q  40      I     13      13      I  1361      2  GS-13      K  ...   \n",
